width 2048
height 1536

1521	1524
1524	1523
1525	1527
1522	1528

1813	1522
1822	1519
1825	1524
1819	1529

1197	1516
1199	1520
1195	1521

1541	1512
1545	1512

171	1512
168	1513
170	1515

1401	1510
1409	1509
1414	1513
1415	1525
1412	1528
1407	1526
1406	1519
1400	1515

1928	1509
1934	1505
1944	1505
1947	1513
1934	1517

1844	1503
1848	1506
1849	1512
1842	1522
1838	1522
1834	1518
1836	1508

1986	1500
1990	1500

1971	1496
1975	1500
1973	1506
1968	1504

1402	1499
1404	1496
1407	1498
1404	1501

1372	1495
1370	1499
1358	1500
1351	1509
1348	1507
1355	1492
1364	1490

808	1496
813	1490
820	1493
818	1497

1243	1489
1248	1489

704	1484
709	1481
724	1492
719	1497
711	1496
705	1492

688	1479
695	1483
692	1488
686	1484

1390	1482
1394	1478
1400	1482
1396	1486

1928	1477
1930	1481
1926	1491
1922	1493
1916	1481

776	1480
780	1476
787	1476
791	1485
785	1489

150	1482
157	1475
167	1475
171	1478
166	1484

138	1475
142	1477
140	1485
145	1492
142	1495
136	1494
128	1484
131	1478

245	1468
252	1471
252	1480
248	1483
239	1477
239	1472

1835	1466
1840	1471
1838	1476
1833	1470

1538	1467
1535	1471
1524	1471
1529	1466

1610	1463
1614	1465
1613	1475
1609	1472

680	1465
683	1463
686	1468

268	1468
272	1462
279	1464
275	1471

1936	1463
1940	1460
1945	1466
1957	1464
1964	1467
1967	1472
1960	1478
1945	1480
1939	1474

1589	1453
1596	1454
1606	1463
1606	1468
1596	1476
1589	1472

1982	1452
1987	1455
1989	1463
1984	1468
1978	1468
1975	1465
1975	1458

1475	1454
1478	1455

694	1457
701	1452
711	1455
713	1460
708	1466
698	1469
694	1465

1629	1451
1630	1456
1627	1454

1497	1451
1501	1450
1504	1453
1500	1455

1837	1448
1839	1453
1831	1457
1829	1451

747	1448
754	1455
750	1462
749	1475
745	1480
736	1483
731	1473
725	1470
724	1464
733	1457
744	1460
745	1457
739	1450

1879	1448
1876	1454
1867	1456
1864	1453
1873	1445

49	1445
52	1447
50	1451
46	1448

1917	1446
1918	1449
1914	1453
1904	1454
1907	1446

149	1444
151	1449
144	1457
142	1446

1490	1439
1493	1452
1489	1462
1480	1470
1472	1468
1463	1474
1461	1469
1464	1457

262	1442
267	1439
272	1447
267	1448

218	1439
228	1444
221	1458
208	1453
210	1446

1131	1436
1135	1440
1132	1445
1128	1442

1440	1436
1444	1435
1445	1438
1442	1439

867	1435
868	1441
860	1447
860	1439

1399	1434
1401	1436
1398	1440
1395	1437

161	1435
166	1435

78	1432
81	1431
83	1434
80	1436

44	1426
46	1438
42	1443
38	1443
35	1440
37	1431

107	1424
119	1430
122	1440
118	1446
115	1444
115	1435
100	1435

792	1423
796	1427
794	1436
791	1435
789	1427

656	1423
663	1428
658	1436
652	1431

176	1423
179	1424

140	1424
145	1422
148	1427
145	1429

133	1422
136	1423

85	1422
88	1420
90	1423
87	1425

317	1419
326	1428
325	1432
317	1430

1902	1419
1907	1419

1858	1416
1862	1416
1870	1428
1865	1436
1858	1432
1855	1421

715	1418
722	1416
727	1422
720	1427

581	1412
587	1413
586	1410

299	1405
302	1408
297	1412
295	1409

248	1406
253	1400
263	1400
266	1403
256	1410

176	1407
187	1400
192	1400
198	1416
193	1420
188	1413
180	1415

348	1398
354	1403
349	1412
342	1416
340	1413
343	1401

1968	1396
1971	1399
1966	1405
1965	1399

1902	1397
1903	1400
1895	1411
1885	1409
1874	1419
1869	1416
1867	1406
1870	1403
1887	1400
1892	1392

154	1399
149	1404
133	1407
126	1402
128	1398
135	1399
144	1392

762	1390
767	1393
764	1402
755	1398

616	1390
637	1406
636	1414
626	1418
637	1426
625	1436
621	1433
620	1423
614	1414
615	1407
610	1400
611	1394

1793	1390
1796	1389
1797	1392
1794	1393

1219	1388
1226	1394
1226	1402
1222	1408
1216	1400

286	1395
290	1388
298	1391
290	1398

272	1387
276	1388
279	1398
285	1401
283	1408
270	1392

329	1385
332	1388
330	1391
326	1388

75	1384
80	1388
77	1392
73	1388

246	1383
250	1382
255	1389
251	1392

1624	1378
1627	1382
1618	1391
1610	1388

145	1378
149	1382
147	1385
143	1383

1577	1385
1584	1376
1601	1383
1595	1388
1581	1389

836	1379
839	1376
843	1378
841	1382

99	1375
106	1375
109	1378
104	1390
94	1381

227	1370
230	1368
232	1371
229	1373

339	1365
354	1369
350	1376
350	1390
346	1394
331	1374

1978	1364
1987	1369
1987	1378
1984	1381
1979	1380
1974	1368

207	1364
215	1370
217	1378
224	1381
222	1384
212	1385
205	1380

265	1367
268	1363
276	1366
271	1371

666	1358
672	1361
673	1369
669	1373
660	1367

1470	1358
1491	1357
1498	1367
1498	1380
1494	1382
1486	1371
1475	1365

576	1356
580	1357

1565	1350
1570	1347
1574	1351
1568	1354

334	1350
336	1347
340	1349
337	1352

179	1347
183	1345
187	1350
182	1351

220	1344
225	1347
222	1355
216	1350

125	1344
130	1342
132	1346
127	1348

575	1339
578	1346
573	1351
569	1345

1467	1340
1472	1338
1474	1342
1471	1345

1942	1339
1946	1338

83	1339
89	1338
87	1342

72	1338
76	1337
79	1342
76	1344

1588	1336
1591	1342
1584	1349
1578	1342

98	1334
101	1337
100	1344
95	1340

1875	1334
1876	1337
1867	1343
1864	1340

306	1326
310	1329

1448	1320
1452	1326
1444	1332
1440	1327

187	1321
187	1327
177	1338
172	1323
175	1320

10	1321
15	1318
18	1323
13	1325

677	1316
681	1320
679	1324
676	1321

1619	1313
1626	1320
1626	1324
1617	1328
1613	1317

631	1312
636	1317
633	1324
628	1319

319	1314
324	1312
326	1317
321	1319

28	1320
34	1322
41	1314
49	1311
53	1323
44	1327
62	1334
58	1346
54	1350
42	1338
35	1337
26	1323

304	1310
307	1313
304	1321
300	1316

1907	1308
1914	1316
1912	1319
1904	1311

1341	1308
1343	1315
1336	1323
1334	1317

219	1310
213	1322
196	1325
209	1307

97	1301
112	1301
115	1304
114	1313
109	1317
105	1307

32	1299
33	1303
30	1304

353	1295
357	1300
348	1306
346	1299

1304	1300
1291	1317
1268	1317
1264	1314
1261	1303
1264	1298
1277	1299
1288	1294
1300	1296

73	1294
77	1295

209	1289
212	1296
205	1302
201	1296

18	1288
20	1291
16	1296
16	1302
11	1305
7	1295
10	1290

289	1289
277	1299
271	1297
281	1285

1280	1285
1284	1284
1286	1287
1282	1289

142	1284
146	1288
147	1322
138	1329
135	1326
139	1319
138	1309
126	1306
118	1298
123	1293
135	1295

244	1283
247	1281
254	1288
262	1288
264	1294
261	1297
251	1296
246	1291

1417	1283
1414	1288
1416	1302
1410	1305
1391	1306
1390	1326
1384	1333
1375	1322
1367	1322
1363	1312
1356	1305
1359	1297
1367	1296
1387	1302
1403	1294
1409	1281
1414	1280

33	1280
39	1286
36	1296
28	1290

1986	1279
1990	1290
1985	1294
1981	1288

1336	1278
1346	1288
1337	1295
1332	1291

1259	1278
1262	1282
1253	1293
1252	1283

118	1277
123	1283
123	1288
119	1292
115	1289
115	1280

1384	1276
1397	1274
1403	1282
1395	1287

1834	1272
1839	1275
1835	1281
1831	1278

249	1273
252	1274

1172	1270
1179	1282
1180	1293
1164	1306
1160	1303
1161	1282

238	1268
240	1275
236	1278
233	1271

729	1269
732	1267
734	1270
731	1272

218	1267
225	1277
220	1286
211	1289
208	1286
206	1271
210	1267

1404	1264
1407	1267
1402	1271
1400	1268

1605	1266
1613	1263
1617	1268
1613	1271

62	1263
67	1273
53	1278
50	1275
52	1266

600	1261
606	1265
603	1271
597	1268

1584	1260
1589	1258
1593	1265
1589	1267

909	1256
916	1261
916	1272
906	1277
903	1271

259	1258
260	1255
264	1257
262	1260

339	1252
347	1265
346	1269
335	1274
322	1272
317	1260
319	1254
335	1255

742	1249
747	1252
747	1260
743	1264
737	1256

1854	1251
1859	1248
1861	1252
1857	1254

1981	1247
1985	1249
1983	1254
1980	1252

793	1236
796	1237

21	1238
23	1234
26	1236
24	1239

242	1232
253	1231
258	1237
260	1247
249	1249

313	1225
317	1229
311	1232
312	1241
309	1244
304	1239
305	1230

1938	1223
1941	1222

88	1220
93	1220
97	1224
96	1232
103	1228
108	1233
104	1240
98	1238
95	1241
92	1253
105	1263
105	1268
100	1273
100	1282
93	1282
88	1275
94	1267
84	1260
77	1244
76	1234

1832	1223
1837	1218
1843	1221
1837	1226

698	1217
703	1220
701	1225
696	1223

859	1218
861	1214
865	1215
862	1220

1394	1213
1401	1213
1411	1222
1423	1223
1426	1227
1422	1234
1408	1230
1412	1239
1404	1255
1397	1255
1384	1248
1384	1236
1380	1228

1287	1213
1291	1217
1287	1223
1283	1218

273	1213
277	1225
272	1231
267	1220

144	1211
147	1228
142	1231
136	1226
137	1215

195	1208
206	1213
207	1218
204	1222
200	1223
194	1218

1573	1205
1575	1209
1572	1211
1570	1207

1610	1204
1613	1215
1607	1221
1604	1209

296	1203
300	1201
302	1205
299	1207

287	1203
282	1208
268	1205
281	1200

1379	1197
1383	1201
1377	1205
1374	1202

1330	1194
1334	1196
1334	1203
1339	1210
1336	1213
1330	1209
1327	1202

820	1194
825	1194

217	1196
225	1191
231	1198
221	1202

151	1185
154	1187
152	1195
149	1193

1446	1181
1453	1188
1450	1192
1444	1188

165	1181
167	1185
163	1188
161	1183

274	1180
277	1184
270	1191
266	1184

255	1180
259	1179
260	1182
258	1184

119	1164
123	1162
125	1165
122	1168

1451	1161
1453	1163
1448	1170
1445	1165

1814	1151
1817	1152
1818	1160
1826	1172
1839	1164
1854	1171
1850	1189
1845	1195
1840	1195
1824	1175
1813	1173

1879	1151
1880	1155
1874	1158
1873	1153

1578	1147
1579	1152
1575	1150

113	1155
106	1158
97	1169
84	1167
65	1194
61	1195
55	1189
43	1196
36	1208
37	1216
16	1228
5	1248
14	1257
11	1260
1	1257
1	1366
7	1355
17	1352
40	1362
43	1368
40	1373
35	1373
22	1361
19	1362
16	1372
8	1373
1	1368
1	1410
9	1408
12	1411
9	1418
23	1427
18	1436
25	1443
29	1453
44	1462
43	1468
46	1471
56	1469
59	1473
56	1478
62	1485
82	1488
91	1496
92	1488
100	1481
117	1476
119	1479
114	1484
108	1483
106	1493
98	1500
102	1511
115	1511
125	1517
132	1515
138	1519
144	1518
149	1523
161	1524
163	1522
155	1509
162	1502
178	1508
187	1499
183	1485
177	1478
181	1470
177	1462
183	1459
190	1468
192	1456
202	1458
206	1462
206	1468
191	1473
189	1480
194	1482
202	1476
211	1494
207	1502
191	1508
187	1518
194	1525
203	1527
208	1518
226	1520
229	1510
233	1507
252	1506
259	1509
275	1499
274	1494
283	1487
283	1479
292	1465
298	1475
291	1479
289	1484
293	1487
304	1484
312	1471
312	1466
336	1446
337	1430
345	1428
355	1416
357	1405
366	1390
367	1372
373	1366
374	1360
373	1316
369	1302
367	1272
358	1263
352	1244
336	1221
306	1189
293	1183
285	1175
269	1169
255	1158
234	1152
223	1160
212	1155
201	1158
183	1147
174	1146
158	1150
159	1159
152	1163
146	1160
142	1151
131	1152
126	1156

1294	1143
1298	1146
1295	1150
1291	1147

749	1142
728	1150
733	1157
729	1163
721	1162
709	1154
684	1156
680	1165
650	1173
642	1178
634	1189
625	1193
621	1209
613	1207
602	1214
594	1225
595	1236
588	1238
579	1248
585	1263
594	1269
589	1278
582	1274
572	1279
557	1305
560	1314
559	1326
564	1332
560	1359
566	1368
565	1384
580	1390
585	1399
593	1399
596	1402
597	1417
585	1425
601	1434
601	1456
612	1454
617	1458
618	1465
629	1464
632	1467
629	1473
638	1479
646	1492
657	1496
662	1502
672	1500
675	1509
687	1513
700	1512
707	1517
716	1509
727	1523
743	1527
751	1522
759	1522
767	1527
780	1529
781	1517
786	1512
797	1521
814	1521
822	1515
836	1514
847	1500
839	1493
828	1489
832	1482
848	1482
856	1496
866	1493
874	1477
890	1476
896	1460
908	1455
912	1449
918	1449
918	1443
925	1430
921	1415
925	1412
936	1412
944	1389
944	1377
950	1364
949	1301
940	1285
938	1275
925	1257
920	1242
892	1209
852	1170
834	1158
817	1161
780	1143
772	1146
762	1145
755	1153
751	1149
753	1143

1478	1141
1481	1142

1921	1099
1926	1101
1923	1108
1919	1104

1835	1089
1840	1094
1837	1098
1832	1094

1620	1144
1598	1119
1587	1114
1580	1106
1569	1104
1542	1091
1487	1086
1456	1091
1446	1098
1435	1096
1429	1100
1420	1099
1415	1104
1410	1103
1403	1108
1369	1107
1361	1111
1312	1114
1305	1119
1288	1115
1280	1118
1257	1118
1247	1113
1231	1124
1222	1118
1215	1118
1208	1123
1207	1128
1187	1133
1177	1142
1155	1152
1148	1163
1155	1172
1144	1184
1132	1185
1130	1182
1134	1176
1143	1175
1139	1171
1133	1171
1130	1182
1117	1197
1104	1226
1105	1261
1103	1278
1099	1284
1102	1290
1103	1326
1099	1336
1101	1344
1098	1350
1101	1355
1098	1366
1101	1376
1096	1401
1090	1414
1092	1431
1084	1438
1085	1463
1079	1473
1079	1481
1052	1534
1534	1534
1541	1525
1545	1528
1545	1534
1611	1534
1599	1523
1622	1516
1631	1499
1638	1494
1636	1488
1644	1481
1642	1450
1648	1441
1651	1428
1649	1419
1654	1409
1651	1400
1654	1390
1649	1375
1652	1368
1650	1340
1653	1326
1653	1308
1650	1303
1652	1279
1648	1267
1649	1243
1643	1228
1645	1212
1639	1204
1640	1192
1636	1187
1635	1171

1794	1043
1797	1047
1792	1054
1789	1047

1927	1027
1927	1032

1981	1024
1986	1024

1870	993
1872	989
1877	991
1873	995

1941	981
1949	974
1968	980
1980	988
1965	991
1943	988

56	948
48	970
33	964
33	960
40	954
46	953
52	946

104	933
110	938
109	962
104	959
101	947
96	942

190	934
193	931
197	935
193	937

26	932
29	929
37	936
45	932
48	940
45	943
34	940

213	915
219	917
226	927
225	932
215	939
205	934
208	920

85	915
81	921
72	925
64	919
67	914

115	909
121	913
117	918
113	916

144	884
150	893
148	895
141	890

662	881
665	882

1996	879
2001	877
2004	882
1998	883

15	871
19	871

1903	864
1907	870
1901	873
1898	869

469	865
466	866
468	871

153	864
155	869
151	872
149	869

812	859
817	856
824	864
815	865

177	856
180	865
173	869
169	863

269	851
276	856
274	861
268	857

1950	847
1958	863
1946	873
1943	866
1947	858
1947	849

1901	846
1899	852
1897	849

1903	838
1906	840
1904	843
1901	841

148	837
150	843
145	846
141	842

1789	825
1790	829
1787	831
1785	827

45	808
45	814

582	804
588	802
590	805
586	808

288	801
294	805
291	810
285	806

893	801
895	799
897	802

88	799
91	800
89	807
86	806

718	799
722	798
723	801
721	803

1837	797
1840	800
1835	806
1832	803

681	793
687	796
683	806
675	800

213	784
222	787
221	796
217	800
210	788

1966	786
1960	792
1952	789
1959	783

121	787
128	783
135	789
132	792
124	792

81	770
86	772
88	785
99	795
98	798
83	791
78	776

85	761
88	759
93	763
87	765

778	754
777	758

1	736
1	739

618	733
619	736
615	740
613	738

1296	732
1299	735
1296	738
1293	735

209	728
211	735
207	738
203	732

326	714
328	717
325	719

54	701
57	704
55	708
51	705

188	700
195	704
191	710
184	707

121	698
116	706
106	706
103	703
107	699

658	690
662	689
669	696
667	702
660	702
656	698

579	685
584	689
581	695
576	690

685	668
688	671
682	675
681	671

264	652

342	651
346	652

1305	645
1308	645
1314	654
1312	658
1301	654
1301	649

356	646
360	646

12	644
15	643
16	646
13	647

275	639
279	648
275	652
267	652

93	635
96	639
92	642
89	639

369	632
375	636
371	641
366	638

338	632
344	642
342	646
336	640

1911	632
1914	629
1921	636
1917	637

51	627
53	632
50	635
47	630

161	616
164	617
164	623
160	620

863	615
864	619
857	626
856	622

172	622
177	613
199	616
196	621
176	626

1253	614
1258	609
1263	612
1260	616

1913	588
1918	585
1922	590
1917	593

1953	586
1955	582
1960	584
1957	588

154	582
156	585
153	587
151	584

345	577
350	587
338	593
335	590
335	583
341	577

50	575
53	577
52	584
49	583

12	575
19	571
28	573
31	577
21	581

85	570
87	574
82	578
79	575

373	568
377	566
379	570

1894	561
1897	564
1896	571
1883	578
1878	571
1886	562

255	562
258	561
260	565
257	566

62	515
66	514
68	518
64	520

1803	512
1805	517
1801	519
1798	516

104	513
107	510
111	515
107	517

1970	511
1976	507
1983	510
1980	516

296	508
313	513
321	511
324	514
320	531
316	535
309	522
296	526
293	524
293	513

229	504
231	508
225	515
220	517
216	514
215	510
219	505

147	465
150	466
148	471
145	469

1280	466
1284	459
1295	461
1284	468

45	450
50	450

72	444

12	439
18	443
14	445

153	429
157	432
155	436
149	434

1895	425
1902	431
1896	440
1891	435
1891	429

1982	409
1986	412
1987	418
1981	423
1978	420
1978	413

756	397
739	410
732	405
733	400
742	393
753	394

29	392
31	393

15	352
18	349
26	350
30	356
23	361

14	341
17	344
14	347

28	341
33	341

1869	334
1873	346
1848	362
1846	358
1850	350
1859	349
1853	342
1853	336
1856	333

1912	335
1919	331
1924	335
1934	333
1937	338
1933	344
1915	341

1972	307
1976	313
1973	318
1970	316

23	310
29	306
35	312
29	315

279	291
279	296

224	274
228	276
225	277

42	273
47	276
44	281
38	278

500	254
504	252
508	257
504	259

446	248
450	252
449	256
439	263
433	258
434	253

214	237
219	232
226	235
223	239

1832	225
1838	236
1836	242
1832	239
1829	229

29	217
49	218
52	223
47	228
53	233
54	241
51	244
44	241
32	243
29	238
35	230
32	227
26	230
22	226

242	215
248	220
244	234
236	222

518	210
525	207
529	212
522	216

24	191
33	187
37	193
27	196

1969	185
1972	190
1964	197
1961	193

42	172
46	175
43	180
39	177

16	166
22	163
28	171
23	174

1853	146
1859	142
1865	144
1860	150

1898	142
1896	146
1901	149
1903	145

1914	144
1913	150
1905	158
1898	154
1882	152
1891	141
1900	136
1910	139

415	133
420	132
422	136
419	139

722	125
726	132
720	139
717	130

1917	121
1922	126
1919	129
1914	124

376	113
379	115

52	109
55	110
53	117
49	115

34	100
41	103
43	113
36	121
32	120
34	113
26	108

14	97
19	102
19	110
15	114
7	108
7	104

452	86
456	87
454	89

1937	79
1940	76
1944	78
1941	82

22	67
25	66
27	70
24	72

1974	65
1979	75
1975	83
1968	86
1966	70

414	72
415	68
428	58
436	64
444	65
440	70
434	66
427	67
421	74

1981	43
1984	46
1983	53
1975	58
1972	55
1973	46

355	32
356	28
365	22
383	26
368	39
360	37

1349	19
1353	22
1351	27
1347	24

1845	21
1847	17
1850	19
1848	22

696	15
702	23
701	27
686	32
683	29
685	20

1781	1
1777	24
1777	68
1782	75
1779	80
1782	94
1778	103
1782	132
1778	162
1781	176
1777	192
1781	212
1778	225
1781	279
1777	286
1781	293
1777	332
1782	355
1778	368
1781	420
1777	427
1782	435
1782	453
1778	460
1781	473
1777	495
1777	535
1773	542
1775	548
1770	571
1763	581
1764	586
1746	615
1738	635
1723	652
1716	678
1707	692
1707	701
1701	709
1703	718
1699	728
1699	745
1695	759
1698	806
1704	814
1702	826
1706	844
1717	856
1720	868
1731	879
1744	909
1770	953
1772	974
1777	980
1774	989
1782	1000
1779	1013
1782	1022
1783	1051
1778	1058
1785	1071
1782	1096
1783	1128
1789	1157
1784	1182
1788	1191
1784	1203
1788	1218
1784	1241
1789	1255
1789	1305
1795	1308
1785	1317
1784	1334
1786	1356
1789	1360
1787	1385
1792	1391
1785	1401
1790	1410
1787	1423
1787	1459
1784	1463
1787	1473
1784	1507
1788	1521
1787	1534
1947	1534
1944	1525
1946	1519
1969	1510
1982	1514
1989	1521
1997	1518
2001	1526
2005	1527
2007	1472
2004	1449
2007	1435
2004	1412
2007	1400
2004	1390
2007	1383
2004	1372
2009	1314
2002	1279
2005	1274
2002	1247
2003	1220
2006	1215
2003	1202
2005	1161
2002	1155
2005	1092
2004	1003
2014	972
2013	960
2024	936
2024	927
2036	912
2038	900
2046	892
2046	629
2034	613
2027	591
2019	584
2021	578
2011	559
2012	547
2006	501
2007	399
2003	388
2003	357
2006	352
2003	338
2006	303
2004	218
2007	202
2004	194
2004	168
2007	147
2002	99
2005	84
2000	50
2002	27
2006	22
2002	6
2004	1
1851	1
1848	5
1847	1

1152	1
1152	6
1144	18
1146	27
1142	39
1146	45
1143	58
1151	71
1153	93
1170	113
1168	125
1175	137
1203	172
1223	191
1229	205
1249	227
1255	246
1262	256
1273	315
1271	339
1274	344
1274	393
1270	410
1273	426
1270	439
1271	475
1266	484
1264	507
1257	526
1236	556
1232	568
1213	586
1205	602
1198	609
1197	617
1188	618
1176	631
1173	641
1165	647
1160	655
1160	661
1150	669
1137	692
1135	719
1126	745
1127	775
1131	803
1135	810
1134	819
1143	829
1150	858
1165	875
1173	870
1179	874
1179	896
1188	906
1201	909
1211	920
1225	927
1249	933
1260	943
1273	943
1279	949
1303	945
1313	948
1338	947
1345	944
1367	946
1377	939
1389	939
1401	923
1427	920
1437	906
1449	903
1472	882
1478	869
1489	857
1491	847
1501	832
1509	800
1508	791
1511	787
1513	746
1504	696
1498	681
1488	669
1477	644
1467	634
1460	621
1398	554
1384	523
1376	495
1369	401
1371	300
1376	288
1375	273
1389	231
1387	222
1415	199
1424	188
1438	161
1449	153
1481	110
1481	100
1489	87
1498	47
1495	1
1160	1
1168	9
1165	14
1156	13
1152	6
1158	1

641	1
645	10
661	25
664	37
673	44
674	53
689	87
688	91
697	106
700	128
698	139
702	144
705	219
702	229
705	242
702	248
703	273
700	279
702	349
699	373
702	382
702	440
698	455
698	483
694	511
687	520
679	541
669	552
663	568
647	588
631	602
629	610
609	629
611	647
605	657
596	662
590	660
589	666
580	672
567	689
563	714
557	724
557	735
554	739
556	751
552	757
563	816
570	828
570	834
575	836
582	827
590	823
599	835
598	845
591	850
585	849
580	843
577	843
576	847
586	861
587	869
596	877
611	884
611	898
621	896
624	904
644	920
653	921
663	935
689	938
700	946
715	942
732	952
750	945
758	948
789	948
801	942
812	942
831	930
845	932
856	926
865	915
870	915
878	905
898	890
905	877
917	865
937	819
937	807
944	784
940	712
929	680
914	658
910	644
903	641
900	634
868	605
831	557
807	498
802	427
798	417
802	397
799	364
802	319
798	270
800	231
796	212
801	202
797	197
795	155
792	148
796	127
792	120
794	110
788	81
789	70
773	29
761	14
760	7
753	1
686	1
687	7
683	11
676	8
679	1

202	1
213	15
212	32
216	40
215	67
210	74
211	92
202	112
203	118
207	119
214	113
228	113
226	102
230	98
254	100
257	108
254	111
245	111
239	123
246	119
262	118
266	122
258	130
265	128
270	135
261	146
265	154
262	165
252	170
243	164
228	169
221	161
220	140
200	130
194	144
196	155
189	166
192	182
188	187
191	193
191	212
195	219
195	236
199	240
198	248
211	264
221	290
258	325
266	329
276	340
292	336
304	350
347	355
357	352
379	355
386	351
433	353
444	349
453	338
463	335
485	309
491	317
497	308
509	302
519	288
531	281
553	196
551	154
535	117
534	106
525	99
503	67
484	54
483	83
481	86
477	84
470	56
474	52
482	52
481	44
452	33
428	18
402	10
385	1

9	1
8	11
1	15
1	297
10	297
12	306
5	312
1	322
1	458
14	459
17	468
13	473
1	478
1	641
4	644
4	653
1	656
1	700
7	698
9	702
1	705
1	731
10	732
17	743
7	750
1	750
1	901
6	906
1	918
7	917
11	920
9	928
13	933
11	937
1	934
1	1016
22	1010
41	994
72	993
77	988
82	990
86	985
107	985
113	979
128	980
143	974
160	974
166	980
180	981
188	978
197	979
206	972
272	978
277	974
276	966
279	964
286	972
295	976
310	965
325	963
340	944
370	929
384	907
396	878
398	841
403	834
400	826
400	785
404	751
402	720
408	697
408	664
412	652
412	623
408	617
409	610
395	578
392	562
383	549
360	527
352	524
338	510
324	509
315	502
304	498
298	499
289	492
280	492
255	477
247	477
223	466
153	412
143	396
125	378
124	369
111	358
106	345
96	335
95	322
86	315
86	303
80	297
80	281
70	259
66	220
63	216
66	135
77	104
85	56
75	1

